$ 1 7.8125e-7 54.00526672067058 54 5 43
R -368 128 -368 0 0 1 100 1.65 1 0 0.5
c -368 144 -208 144 0 0.000009999999999999999 1.6781769322949844
a 64 224 160 224 9 3 0 1000000 0.9714887870763828 0.32072016794441816 100000
d 160 224 224 224 2 default
c 256 224 256 288 0 0.00001 0.9714887870763828
r 320 224 320 288 0 10000
w 256 224 320 224 0
w 256 288 320 288 0
g 256 288 256 304 0
w 64 240 64 288 0
w 64 288 224 288 0
w 224 288 224 224 0
w 224 224 256 224 0
r -64 144 -64 208 0 110
g -64 288 -64 320 0
w -64 -112 -16 -112 0
g -64 -48 -64 -32 0
r -64 -112 -64 -48 0 819.9999999999999
w 48 -112 80 -112 0
g 80 -48 80 -32 0
w 80 -48 144 -48 0
w 80 -112 144 -112 0
r 144 -112 144 -48 0 10000
c 80 -112 80 -48 0 0.00001 0.0002785137052934983
d -16 -112 48 -112 2 default
c -160 -112 -64 -112 0 0.00001 0.0009999999999851347
r -64 208 -64 288 0 220
w -64 208 64 208 0
170 -656 128 -720 128 2 20 400 1.6 0.1
R -608 64 -608 16 0 0 40 3.3 0 0 0.5
p 144 -112 144 -176 1 0 0
p 320 224 320 160 1 0 0
a -528 144 -448 144 9 15 -15 1000000 2.1630164269077787 2.1630380570720478 100000
w -432 160 -416 192 0
w -416 192 -528 192 0
w -528 160 -528 192 0
w -448 144 -432 160 0
w -448 144 -416 144 0
w -160 -48 -160 -112 0
r -608 128 -608 192 0 1000
g -608 192 -608 208 0
c -656 128 -608 128 0 0.00001 -1.4950532878923313
r -608 128 -608 64 0 1000
w -528 128 -608 128 0
p -64 144 0 64 1 0 0
w -208 144 -64 144 0
o 44 64 0 4098 2.5 0.1 0 1
o 30 64 0 4098 0.001220703125 0.1 1 1
o 31 64 0 4098 2.5 0.1 2 1
38 0 2 1 1000 DC\sOffset
