$ 1 7.8125e-7 26.59566520631553 70 5 43
R -240 48 -304 48 0 1 40 1.65 1.65 0 0.5
c -240 48 -128 48 0 0.000009999999999999999 1.0313215271849723
r -48 48 -48 128 0 812
r -48 128 -48 208 0 820
g -48 208 -48 224 0
w 16 128 -48 128 0
w 16 128 48 128 0
d 128 240 128 160 2 default
p -240 48 -240 160 1 0 0
p -48 48 -16 -16 1 0 0
p 48 128 64 48 1 0 0
g 48 208 48 240 0
w 48 128 80 128 0
c 384 128 384 176 0 1e-11 1.0809989153976325
g 384 176 384 192 0
s 160 128 256 128 0 1 false
w 80 128 160 128 0
p 384 128 416 80 1 0 0
w 336 128 384 128 0
w 256 128 336 128 0
d -128 128 -128 48 2 1N5711
g -128 128 -128 160 0
w -128 48 -48 48 0
o 8 64 0 4098 5 0.1 0 1
o 9 64 0 4098 2.5 0.1 1 1
o 10 64 0 4098 1.25 0.1 2 1
o 17 64 0 4098 1.25 0.1 3 1
