$ 1 7.8125e-7 21.593987231061412 69 5 43
R -176 128 -272 0 0 1 500 1.65 1 0 0.5
c -144 144 -64 144 0 0.00001 1.6711131408004007
a 80 160 176 160 9 3 0 1000000 0.9503513777755265 0.7127099910499002 100000
d 176 160 240 160 2 default
c 272 160 272 224 0 0.00001 0.9503513777755265
r 336 160 336 224 0 10000
w 272 160 336 160 0
w 272 224 336 224 0
g 272 224 272 240 0
w 80 176 80 224 0
w 80 224 240 224 0
w 240 224 240 160 0
w 240 160 272 160 0
r -64 144 -64 208 0 82
g -64 288 -64 320 0
w -64 -112 -16 -112 0
g -64 -48 -64 -32 0
r -64 -112 -64 -48 0 819.9999999999999
w 48 -112 80 -112 0
g 80 -48 80 -32 0
w 80 -48 144 -48 0
w 80 -112 144 -112 0
r 144 -112 144 -48 0 10000
c 80 -112 80 -48 0 0.00001 0.000045765950731160444
d -16 -112 48 -112 2 default
c -160 -112 -64 -112 0 0.00001 0.0009999999999643627
r -64 208 -64 288 0 120
w -64 208 80 144 0
170 -400 144 -464 144 2 20 4000 1.6 0.1
R -352 80 -352 32 0 0 40 3.3 0 0 0.5
p 144 -112 144 -176 1 0 0
p 336 160 336 96 1 0 0
a -272 160 -192 160 9 15 -15 1000000 2.870841625734399 2.870870334150656 100000
w -176 176 -160 208 0
w -160 208 -272 208 0
w -272 176 -272 208 0
w -192 160 -176 176 0
w -144 144 -160 144 0
w -192 160 -160 144 0
w -176 80 -176 -176 0
r -352 144 -352 208 0 1000
g -352 208 -352 224 0
c -400 144 -352 144 0 0.00001 -1.6416572284369533
r -352 144 -352 80 0 1000
w -272 144 -352 144 0
p -64 144 0 64 1 0 0
o 45 64 0 4098 2.5 0.1 0 1
o 30 64 0 4098 0.0006103515625 0.1 1 1
o 31 64 0 4098 1.25 0.1 2 1
38 0 2 1 1000 DC\sOffset
