$ 1 7.8125e-7 21.593987231061412 34 5 43
R -192 112 -272 0 0 1 500 1.65 1 0 0.5
c -144 144 -64 144 0 0.00001 1.5327651822926702
a 64 224 160 224 9 3 0 1000000 0.5961329926590028 0.28951559164224966 100000
d 160 224 224 224 2 default
c 256 224 256 288 0 0.00001 0.5961329926590028
r 320 224 320 288 0 10000
w 256 224 320 224 0
w 256 288 320 288 0
g 256 288 256 304 0
w 64 240 64 288 0
w 64 288 224 288 0
w 224 288 224 224 0
w 224 224 256 224 0
r -64 144 -64 208 0 82
g -64 288 -64 320 0
w -64 -112 -16 -112 0
g -64 -48 -64 -32 0
r -64 -112 -64 -48 0 819.9999999999999
w 48 -112 80 -112 0
g 80 -48 80 -32 0
w 80 -48 144 -48 0
w 80 -112 144 -112 0
r 144 -112 144 -48 0 10000
c 80 -112 80 -48 0 0.00001 0.00001639240625260605
d -16 -112 48 -112 2 default
c -160 -112 -64 -112 0 0.00001 0.000999999999952632
r -64 208 -64 288 0 120
w -64 208 64 208 0
170 -400 144 -464 144 2 20 400 1.6 0.1
R -352 80 -352 32 0 0 40 3.3 0 0 0.5
p 144 -112 144 -176 1 0 0
p 320 224 320 160 1 0 0
a -272 160 -192 160 9 15 -15 1000000 2.0201164282237905 2.0201366293880727 100000
w -176 176 -160 208 0
w -160 208 -272 208 0
w -272 176 -272 208 0
w -192 160 -176 176 0
w -144 144 -160 144 0
w -192 160 -160 144 0
w -160 128 -160 -112 0
r -352 144 -352 208 0 1000
g -352 208 -352 224 0
c -400 144 -352 144 0 0.00001 -2.4883011033338627
r -352 144 -352 80 0 1000
w -272 144 -352 144 0
p -64 144 0 64 1 0 0
o 45 64 0 4098 2.5 0.1 0 1
o 30 64 0 4098 0.00030517578125 0.1 1 1
o 31 64 0 4098 1.25 0.1 2 1
38 0 2 1 1000 DC\sOffset
