$ 1 7.8125e-7 31.41906602856942 69 5 43
R -304 96 -400 -32 0 1 500 1.65 1 0 0.5
c -144 144 -64 144 0 0.00001 1.6406710065940424
a 80 224 176 224 9 3 0 1000000 0.09478576896778301 -0.9388204116211484 100000
d 176 224 240 224 2 default
c 272 224 272 288 0 0.00001 0.09478576896778301
r 336 224 336 288 0 10
w 272 224 336 224 0
w 272 288 336 288 0
g 272 288 272 304 0
w 80 288 80 240 0
w 80 288 240 288 0
w 240 288 240 224 0
w 240 224 272 224 0
r -64 144 -64 208 0 82
w -64 -112 -16 -112 0
g -64 -48 -64 -32 0
r -64 -112 -64 -48 0 82
w 48 -112 80 -112 0
g 80 -48 80 -32 0
w 80 -48 144 -48 0
w 80 -112 144 -112 0
r 144 -112 144 -48 0 10000
c 80 -112 80 -48 0 0.00001 0.00007518940818107405
d -16 -112 48 -112 2 default
c -160 -112 -64 -112 0 0.00001 0.0009999999999701996
r -64 208 -64 288 0 120
w -64 208 80 208 0
170 -528 112 -592 112 2 20 4000 1.6 0.1
R -480 48 -480 0 0 0 40 3.3 0 0 0.5
p 144 -112 144 -176 1 0 0
p 336 224 336 160 1 0 0
a -400 128 -320 128 9 15 -15 1000000 0.060323313698442516 0.0603239169315795 100000
w -288 176 -400 176 0
w -400 144 -400 176 0
w -144 144 -160 144 0
w -320 128 -288 176 0
r -480 112 -480 176 0 1000
g -480 176 -480 192 0
c -528 112 -480 112 0 0.00001 -1.6527703525962345
r -480 112 -480 48 0 1000
w -400 112 -480 112 0
p -64 144 -64 64 1 0 0
w -176 -160 -176 96 0
f -240 240 -224 240 40 1.5 0.02
R -384 240 -432 240 0 1 5 3.3 0 0 0.5
w -288 176 -224 224 0
r -384 240 -256 240 0 1000
r -224 256 -224 304 0 10000
g -224 304 -224 320 0
w -224 224 -160 144 0
p -320 288 -256 240 1 0 0
p -112 256 -224 256 1 0 0
w -224 304 -64 288 0
o 41 64 0 4098 2.5 0.1 0 1
o 29 64 0 4098 0.001220703125 0.1 1 1
o 30 64 0 4098 1.25 0.1 2 1
o 50 64 0 4098 5 0.1 3 1
o 51 64 0 4098 5 0.1 4 1
38 0 2 1 1000 DC\sOffset
