$ 1 7.8125e-7 54.00526672067058 90 5 43
a 64 240 160 240 9 3 0 1000000 0.9526347039453541 0.23885124751048853 100000
d 160 240 224 240 2 1N4148
r 320 240 320 304 0 9800
w 256 240 320 240 0
w 256 304 320 304 0
g 256 304 256 320 0
w 64 256 64 304 0
w 64 304 224 304 0
w 224 304 224 240 0
w 224 240 256 240 0
r -64 160 -64 224 0 100
g -64 304 -64 336 0
r -64 224 -64 304 0 220
w -64 224 64 224 0
170 -672 128 -736 128 2 20 200 1.6 0.1
R -608 64 -608 16 0 0 40 3.3 0 0 0.5
p 432 16 432 -48 1 0 0
a -528 144 -448 144 9 3.3 -3.3 1000000 1.837174257885404 1.837192629627983 100000
w -432 160 -416 192 0
w -416 192 -528 192 0
w -528 160 -528 192 0
w -448 144 -432 160 0
r -608 128 -608 192 0 1000
g -608 192 -608 208 0
c -704 176 -608 128 0 0.00001 -1.7582749681790424
r -608 128 -608 64 0 1000
w -528 128 -608 128 0
p -64 160 0 80 1 0 0
411 -704 176 -752 240 0 1 40 5 0 0 0.5 16.5 0 1
209 -336 144 -448 144 0 0.000009999999999999999 -1.4897542615065116 50
209 256 240 256 304 0 0.00001 0.9526347039453541 1
p -704 176 -672 240 1 0 0
a -352 384 -240 384 9 3.3 0 1000000 0 0 100000
R -544 304 -560 368 0 0 40 1.65 0 0 0.5
a 320 64 432 64 8 3.3 0 1000000 0.9526251776935771 0.9526347039453541 100000
r -352 368 -448 368 0 1000
r -240 304 -352 304 0 2000
w -352 304 -352 368 0
g -352 400 -352 432 0
r -544 464 -512 256 0 1000
g -240 304 -240 256 0
g -496 256 -496 288 0
w -240 304 -240 384 0
w -240 384 -176 384 0
w -336 144 -64 160 0
w 320 48 320 16 0
w 320 16 432 16 0
w 432 16 432 64 0
w 320 240 400 240 0
w 400 240 320 80 0
o 27 64 0 4098 5 0.1 0 1
o 16 64 0 4098 2.5 0.1 1 1
o 31 64 0 4098 5 0.1 2 1
