$ 1 7.8125e-7 21.593987231061412 24 5 43
R -208 32 -272 0 0 1 500 1.65 1 0 0.5
c -144 144 -64 144 0 0.00001 1.6395064647289512
a 80 160 176 160 9 3 -3.3 1000000 0.9436723870289312 0.2355236477066908 100000
d 176 160 240 160 2 default
c 272 160 272 224 0 0.00001 0.9436723870289312
r 336 160 336 224 0 10000
w 272 160 336 160 0
w 272 224 336 224 0
g 272 224 272 240 0
w 80 176 80 224 0
w 80 224 240 224 0
w 240 224 240 160 0
w 240 160 272 160 0
r -64 144 -64 208 0 820
g -64 288 -64 320 0
w -64 -112 -16 -112 0
g -64 -48 -64 -32 0
r -64 -112 -64 -48 0 819.9999999999999
w 48 -112 80 -112 0
g 80 -48 80 -32 0
w 80 -48 144 -48 0
w 80 -112 144 -112 0
r 144 -112 144 -48 0 10000
c 80 -112 80 -48 0 0.00001 1.0427291042221176
d -16 -112 48 -112 2 default
c -160 -112 -64 -112 0 0.00001 1.7071278612200842
r -64 208 -64 288 0 1200
w -64 208 80 144 0
170 -400 144 -464 144 2 20 4000 1.6 0.1
R -352 80 -352 32 0 0 40 3.3 0 0 0.5
p -144 144 -144 64 1 0 0
p 144 -112 144 -176 1 0 0
p 336 160 336 96 1 0 0
a -272 160 -192 160 9 15 -15 1000000 2.035971271701881 2.035991631414598 100000
w -160 160 -160 208 0
w -160 208 -272 208 0
w -272 176 -272 208 0
w -192 160 -160 160 0
w -144 144 -160 144 0
w -160 160 -160 144 0
w -160 144 -160 -112 0
r -352 144 -352 208 0 1000
g -352 208 -352 224 0
c -400 144 -352 144 0 0.00001 -1.6923899136459601
r -352 144 -352 80 0 1000
w -272 144 -352 144 0
p -400 144 -416 64 1 0 0
p -288 224 -288 288 1 0 0
o 30 64 0 4098 5 0.1 0 1
o 31 64 0 4098 2.5 0.1 1 1
o 32 64 0 4098 5 0.1 2 1
o 46 64 0 4098 5 0.1 3 1
o 47 64 0 4098 0.0000762939453125 0.1 4 1
38 0 2 1 1000 DC\sOffset
