$ 1 7.8125e-7 54.00526672067058 90 5 43
R -368 112 -368 0 0 1 100 1.65 1 0 0.5
c -368 208 -208 208 0 0.000009999999999999999 2.1515718609928762
a 64 224 160 224 9 3.3 0 1000000 0.9131796566728054 0.6007059320689883 100000
d 160 224 224 224 2 default
c 256 64 256 128 0 0.00001 1.160277091009355
r 320 224 320 288 0 20000
w 256 224 320 224 0
w 256 288 320 288 0
g 256 288 256 304 0
w 64 240 64 288 0
w 64 288 224 288 0
w 224 288 224 224 0
w 224 224 256 224 0
r -64 144 -64 208 0 110
g -64 288 -64 320 0
w -64 -112 -16 -112 0
g -64 -48 -64 -32 0
r -64 -112 -64 -48 0 819.9999999999999
w 48 -112 80 -112 0
g 80 -48 80 -32 0
w 80 -48 144 -48 0
w 80 -112 144 -112 0
r 144 -112 144 -48 0 10000
c 80 -112 80 -48 0 0.00001 -7.063054710372148e-15
d -16 -112 48 -112 2 default
c -160 -112 -64 -112 0 0.00001 -0.22642427891628175
r -64 208 -64 288 0 220
w -64 208 64 208 0
170 -672 128 -736 128 2 20 200 1.6 0.1
R -608 64 -608 16 0 0 40 3.3 0 0 0.5
p 144 -112 144 -176 1 0 0
p 320 224 320 160 1 0 0
a -528 144 -448 144 9 15 -15 1000000 2.0885398015746266 2.0885606869726425 100000
w -432 160 -416 192 0
w -416 192 -528 192 0
w -528 160 -528 192 0
w -448 144 -432 160 0
w -448 144 -368 144 0
w -160 128 -160 -112 0
r -608 128 -608 192 0 1000
g -608 192 -608 208 0
c -672 128 -608 128 0 0.00001 -2.082494589709514
r -608 128 -608 64 0 1000
w -528 128 -608 128 0
p -64 144 0 64 1 0 0
w -208 144 -64 144 0
411 -560 224 -560 320 0 1 40 5 0 0 0.5 16.5 0 1
209 -208 144 -368 144 0 0.000009999999999999999 -1.1874809034711444 50
209 256 224 256 288 0 0.00001 0.9131796566728054 1
o 44 64 0 4098 2.5 0.1 0 1
o 30 64 0 4098 0.0000762939453125 0.1 1 1
o 31 64 0 4098 5 0.1 2 1
38 0 2 1 1000 DC\sOffset
