$ 1 7.8125e-7 54.00526672067058 90 5 43
a 64 224 160 224 9 3 0 1000000 1.7313282722934946 0.2186973498922181 100000
d 160 224 224 224 2 default
r 320 224 320 288 0 9800
w 256 224 320 224 0
w 256 288 320 288 0
g 256 288 256 304 0
w 64 240 64 288 0
w 64 288 224 288 0
w 224 288 224 224 0
w 224 224 256 224 0
r -64 144 -64 208 0 100
g -64 288 -64 320 0
r -64 208 -64 288 0 220
w -64 208 64 208 0
170 -672 128 -736 128 2 20 200 1.6 0.1
R -608 64 -608 16 0 0 40 3.3 0 0 0.5
p 320 224 320 160 1 0 0
a -528 144 -448 144 9 3.3 -3.3 1000000 3.300341825646201 6.7186312876580985 100000
w -432 160 -416 192 0
w -416 192 -528 192 0
w -528 160 -528 192 0
w -448 144 -432 160 0
w -480 48 -368 32 0
r -608 128 -608 192 0 1000
g -608 192 -608 208 0
c -704 176 -608 128 0 0.00001 -1.364384820306185
r -608 128 -608 64 0 1000
w -528 128 -608 128 0
p -64 144 0 64 1 0 0
w -224 144 -64 144 0
411 -704 176 -752 240 0 1 40 5 0 0 0.5 16.5 0 1
209 -208 -128 -368 -128 0 0.000009999999999999999 0.001 50
209 256 224 256 288 0 0.00001 1.7313282722934946 1
p -704 176 -672 240 1 0 0
a -288 224 -176 224 9 3.3 0 1000000 0 0 100000
R -384 208 -400 272 0 0 40 1.65 0 0 0.5
a -176 -48 -64 -48 8 3.3 0 1000000 0 0 100000
r -336 128 -448 144 0 1000
r -224 64 -336 64 0 2000
w -336 64 -336 128 0
w -224 64 -224 144 0
g -336 368 -336 384 0
r -384 368 -336 128 0 1000
g -368 368 -368 400 0
g -336 160 -336 192 0
o 28 64 0 4098 5 0.1 0 1
o 16 64 0 4098 5 0.1 1 1
o 33 64 0 4098 10 0.1 2 1
