$ 1 7.8125e-7 78.57719942274176 24 5 43
R -176 128 -320 32 0 1 500 1.65 1 0 0.5
c -144 144 -64 144 0 0.00001 0.7982072253445852
a 80 160 176 160 9 3 -3.3 1000000 0.47177833642458733 0.44939239940508696 100000
d 176 160 240 160 2 default
c 272 160 272 224 0 0.00001 0.47177833642458733
r 336 160 336 224 0 10000
w 272 160 336 160 0
w 272 224 336 224 0
g 272 224 272 240 0
w 80 176 80 224 0
w 80 224 240 224 0
w 240 224 240 160 0
w 240 160 272 160 0
r -64 144 -64 208 0 820
g -64 288 -64 320 0
w -64 -112 -16 -112 0
g -64 0 -64 16 0
r -64 -112 -64 0 0 819.9999999999999
w 48 -112 80 -112 0
g 80 -48 80 -32 0
w 80 -48 144 -48 0
w 80 -112 144 -112 0
r 144 -112 144 -48 0 10000
c 80 -112 80 -48 0 0.00001 1.0929853051110319
d -16 -112 48 -112 2 default
c -160 -112 -64 -112 0 0.00001 1.8083617669250502
r -64 208 -64 288 0 1200
w -64 208 80 144 0
170 -416 144 -464 144 2 20 4000 1.6 0.1
R -416 192 -464 192 0 0 40 1.6 0 0 0.5
r -416 144 -368 144 0 1000
r -416 192 -368 192 0 1000
w -368 192 -368 144 0
w -368 144 -272 144 0
p -144 144 -144 64 1 0 0
p 144 -112 144 -176 1 0 0
p 336 160 336 96 1 0 0
a -272 160 -192 160 9 15 -15 1000000 1.554684431009815 1.554699977854125 100000
w -160 160 -160 208 0
w -160 208 -272 208 0
w -272 176 -272 208 0
w -192 160 -160 160 0
w -144 144 -160 144 0
w -160 160 -160 144 0
w -160 144 -160 -112 0
o 34 64 0 4098 5 0.1 0 1
o 35 64 0 4098 5 0.1 1 1
o 36 64 0 4098 5 0.1 2 1
38 0 2 1 1000 DC\sOffset
