$ 1 7.8125e-7 26.59566520631553 90 5 43
R -480 128 -480 16 0 1 100 1.65 1 0 0.5
a 96 208 192 208 9 3.3 0 1000000 0.0006542394725818015 0 100000
d 192 208 256 208 2 default
r 352 208 352 272 0 20000
w 288 208 352 208 0
w 288 272 352 272 0
g 288 272 288 288 0
w 96 224 96 272 0
w 96 272 256 272 0
w 256 272 256 208 0
w 256 208 288 208 0
170 -784 144 -848 144 2 20 2000 1.6 0.1
R -720 80 -720 32 0 0 40 3.3 0 0 0.5
p -48 176 -96 16 1 0 0
a -640 160 -560 160 9 15 -15 1000000 2.9218525230580625 2.9218817415832934 100000
w -544 176 -528 208 0
w -528 208 -640 208 0
w -640 176 -640 208 0
w -560 160 -544 176 0
w -560 160 -480 160 0
r -720 144 -720 208 0 1000
g -720 208 -720 224 0
c -784 144 -720 144 0 0.00001 -1.6306849871578553
r -720 144 -720 80 0 1000
w -640 144 -720 144 0
p -288 160 -272 48 1 0 0
411 -672 240 -672 336 0 1 40 5 0 0 0.5 16.5 0 1
209 -144 -32 -288 -32 0 0.000009999999999999999 0.001000000000822343 50
209 288 208 288 272 0 0.00001 0.0006542394725818015 1
t -336 320 -288 320 0 1 -6.165593836703529 -3.29999999998 100
w -96 272 -96 352 0
g -288 416 -256 448 0
R -336 320 -368 320 0 2 60 3.3 0 0 0.5
a -144 176 -48 176 9 3.3 0 1000000 2.922823262953268 2.922852491185898 100000
w -432 160 -288 160 0
w -144 160 -288 160 0
w -144 192 -144 224 0
w -144 224 -48 224 0
w -48 176 -48 224 0
w 16 96 160 112 0
p 384 208 384 160 1 0 0
d -480 160 -432 160 2 default
209 -432 160 -432 240 0 0.00001 0.05625865448154688 1
w -400 -128 -272 -128 0
w -432 240 -288 240 0
w -256 176 -256 256 0
w -288 240 -288 304 0
r -368 512 -176 512 0 100
r -288 336 -288 416 0 20000
R -336 416 -336 432 0 0 40 3.3 0 0 0.5
o 25 64 0 4098 5 0.1 0 1
o 13 64 0 4098 5 0.1 1 1
o 40 64 0 4098 0.0000762939453125 0.1 2 1
38 0 2 1 1000 DC\sOffset
