$ 1 7.8125e-7 72.29451344610798 70 5 43
R -160 48 -224 48 0 1 40 1.65 1.65 0 0.5
c -160 48 -48 48 0 0.000009999999999999999 3.076252205764086
r -64 160 -64 240 0 812
r -64 240 -64 320 0 1200
g -64 320 -64 336 0
w 0 240 -64 240 0
w 0 240 32 240 0
d 80 352 80 272 2 default
p -160 48 -160 160 1 0 0
p -48 48 -16 -16 1 0 0
p 80 48 96 -32 1 0 0
g 80 128 80 160 0
w 32 240 64 240 0
c 512 128 512 176 0 1e-11 -0.000017143548031857357
g 512 176 512 192 0
s 288 128 384 128 0 0 false
w 64 240 144 240 0
p 512 128 544 80 1 0 0
w 464 128 512 128 0
w 384 128 464 128 0
d -48 48 80 48 2 default
r 80 48 80 128 0 100
w 80 192 288 192 0
w 80 48 288 128 0
o 8 64 0 4098 5 0.1 0 1
o 9 64 0 4098 5 0.1 1 1
o 10 64 0 4098 0.00244140625 0.1 2 1
o 17 64 0 4098 0.00244140625 0.1 3 1
