$ 1 7.8125e-7 42.05934401203833 59 5 43
R -144 144 -208 112 0 1 500 1.65 1 0 0.5
c -144 144 -64 144 0 0.00001 0.7747731377205067
a 80 160 176 160 9 3 -3.3 1000000 0.39273653480368437 -0.3562849713205907 100000
d 176 160 240 160 2 default
c 272 160 272 224 0 0.00001 0.39273653480368437
r 336 160 336 224 0 10000
w 272 160 336 160 0
w 272 224 336 224 0
g 272 224 272 240 0
w 80 176 80 224 0
w 80 224 240 224 0
w 240 224 240 160 0
w 240 160 272 160 0
p -144 144 -144 32 1 0 0
p 80 144 80 48 1 0 0
p 336 160 336 80 1 0 0
r -64 144 -64 208 0 820
g -64 288 -64 320 0
w -512 -16 -464 -16 0
g -512 96 -512 112 0
r -512 -16 -512 96 0 819.9999999999999
p -400 -16 -400 -80 1 0 0
p -464 -16 -464 -112 1 0 0
p -576 -16 -576 -128 1 0 0
w -400 -16 -368 -16 0
g -368 48 -368 64 0
w -368 48 -304 48 0
w -368 -16 -304 -16 0
r -304 -16 -304 48 0 10000
c -368 -16 -368 48 0 0.00001 1.0972534261221503
d -464 -16 -400 -16 2 default
c -576 -16 -512 -16 0 0.00001 1.79509516136614
R -576 -16 -640 -48 0 1 500 1.65 1.65 0 0.5
r -64 208 -64 288 0 1200
w -64 208 80 144 0
z 480 -32 480 32 2 default-zener
170 -592 32 -656 16 2 20 4000 5 0.1
170 -288 144 -336 144 2 20 4000 1.6 0.1
R -288 192 -336 192 0 0 40 1.6 0 0 0.5
r -288 144 -240 144 0 1000
r -288 192 -240 192 0 1000
w -240 192 -240 144 0
w -240 144 -192 144 0
o 13 64 0 4098 10 0.1 0 1
o 21 64 0 4098 2.5 0.1 1 1
o 14 64 0 4098 1.25 0.1 2 1
o 15 64 0 5130 5 0.1 3 1
38 0 2 1 1000 DC\sOffset
